,IrIa_CC,Intra,Inter,L_CC,S_CC,f_I,f_II,f_III,f_IV,f_V,Dist,Ang,Ang/Dist,Seq_Len,Ch_Dist/Seq_Len,Ch_Ang,ChD/SqL/An,y
0,0.046153846153846156,8.0,0.375,8.125,0.25,0.23887500000000003,-0.024500000000000043,-0.014875000000000027,0.27175,0.16112499999999996,1.813642978668213,143.2225341796875,9.870510993146079,179,0.09174769950312608,26.41824722290039,0.003472891245547718,0
1,0.0,8.375,0.0,7.75,0.625,-1.076625,-0.1425,-0.622125,0.481,-0.847,2.53987455368042,168.0881805419922,8.27205758257098,179,0.09174769950312608,26.41824722290039,0.003472891245547718,0
2,0.0,29.875,0.0,28.0,1.875,-0.707125,0.14849999999999997,-0.48812500000000003,1.046125,-0.5385,1.8656123876571655,75.48873138427734,5.057566775184641,179,0.09174769950312608,26.41824722290039,0.003472891245547718,0
3,0.02586206896551724,28.875,0.75,29.0,0.625,-0.12487499999999999,0.58825,-0.28962499999999997,0.522375,-0.7458749999999998,2.0176901817321777,98.8420181274414,6.123084204036915,179,0.09174769950312608,26.41824722290039,0.003472891245547718,0
4,0.0,40.0,0.0,38.375,1.625,-0.10437500000000001,0.101625,-0.848625,0.457375,-0.09849999999999992,0.5174661874771118,26.481922149658203,6.395472621630861,179,0.09174769950312608,26.41824722290039,0.003472891245547718,0
5,0.0,7.375,0.0,7.0,0.375,-0.511625,-0.15262499999999998,-0.7515000000000001,0.30987499999999996,-0.8826250000000001,2.8225412368774414,146.80294799804688,6.501076273210343,179,0.09174769950312608,26.41824722290039,0.003472891245547718,0
6,0.0,6.75,0.0,5.75,1.0,-0.512,0.05924999999999999,-0.2695000000000001,0.451,-0.344375,3.063826084136963,174.6724395751953,7.126110811605699,179,0.09174769950312608,26.41824722290039,0.003472891245547718,0
7,0.0,8.75,0.0,7.625,1.125,-0.37912500000000005,-0.15750000000000003,0.03100000000000004,0.7883749999999999,-0.013750000000000023,3.030035972595215,159.17933654785156,6.566455461750628,179,0.09174769950312608,26.41824722290039,0.003472891245547718,0
8,2.0,0.75,1.75,2.375,0.125,0.281125,0.316,-0.8691250000000001,0.42574999999999996,-0.224875,1.7916067838668823,173.72463989257812,12.119883222535744,179,0.09174769950312608,26.41824722290039,0.003472891245547718,0
9,0.0,3.125,0.0,2.875,0.25,0.37875000000000003,-0.6816250000000001,-0.6954999999999999,0.662375,0.10437499999999994,1.4478473663330078,85.09757995605469,7.346271062786616,179,0.09174769950312608,26.41824722290039,0.003472891245547718,0
10,0.3333333333333333,1.375,0.5,1.75,0.125,0.16662500000000002,0.580375,-0.3767500000000001,0.15137499999999998,-0.425875,2.4145069122314453,155.12803649902344,8.03062548132151,59,0.8707738326767743,98.75848388671875,0.008817205351953341,1
11,5.2,0.5,3.25,3.625,0.125,-0.173875,-0.11325000000000005,-0.4696250000000001,0.638125,-0.10462500000000004,1.872407078742981,114.31965637207031,7.631355002527672,59,0.8707738326767743,98.75848388671875,0.008817205351953341,1
12,7.0,0.4,4.2,4.4,0.2,0.8052000000000001,-0.16620000000000007,-0.20599999999999996,0.0464,0.6226,3.0523616790771486,150.9165802001953,9.887864427743224,59,0.8707738326767743,98.75848388671875,0.008817205351953341,1
13,6.333333333333333,0.25,2.375,2.5,0.125,0.004625000000000025,0.21524999999999997,-0.9394999999999999,0.6416250000000001,-0.38062499999999994,2.2725625038146973,178.64187622070312,9.825475121461563,59,0.8707738326767743,98.75848388671875,0.008817205351953341,1
14,21.0,0.125,5.25,4.875,0.5,-0.103375,0.5855,-1.201375,0.23750000000000004,-0.48774999999999996,2.466183662414551,131.12844848632812,6.645987305069894,59,0.8707738326767743,98.75848388671875,0.008817205351953341,1
15,0.3333333333333333,1.375,0.5,1.75,0.125,0.17975,0.514625,-0.9961250000000001,0.140125,-0.9477500000000001,1.6490390300750732,89.0245132446289,6.747700018094648,59,0.8707738326767743,98.75848388671875,0.008817205351953341,1
16,0.0,0.0,0.0,0.0,0.0,0.07214285714285716,-0.1984285714285714,-0.6787142857142856,0.7394285714285714,-0.7368571428571428,2.4558890206473216,110.31301879882812,6.416448755431497,59,0.8707738326767743,98.75848388671875,0.008817205351953341,0
17,4.4,1.125,5.5,6.125,0.5,-0.223625,0.06349999999999996,-0.6799999999999999,0.07212499999999998,-0.15037500000000006,2.6906964778900146,119.90442657470703,5.570066035592646,59,0.8707738326767743,98.75848388671875,0.008817205351953341,1
18,0.25,1.375,0.375,1.625,0.125,0.31325,0.360375,-1.7386249999999999,0.422,-1.064625,1.7385179996490479,93.79215240478516,6.743200906088648,59,0.8707738326767743,98.75848388671875,0.008817205351953341,1
19,7.666666666666667,0.3333333333333333,3.8333333333333335,4.0,0.16666666666666666,0.9761666666666668,-0.23200000000000007,-0.0828333333333333,-0.007500000000000007,0.7935,2.576451301574707,130.4479217529297,8.437929316698087,59,0.8707738326767743,98.75848388671875,0.008817205351953341,1
20,0.0,47.875,0.0,46.75,1.125,-0.346125,-0.428625,-0.62225,0.583,-0.49412500000000004,1.5468313694000244,171.94642639160156,13.893929863895396,200,0.22827457427978515,39.85426712036133,0.005727732330151441,0
21,0.03428571428571429,21.75,0.75,21.875,0.625,0.13425000000000004,-0.03875000000000001,-0.7135,0.4755000000000001,-0.816125,1.5992839336395264,113.8302993774414,8.896278570735463,200,0.22827457427978515,39.85426712036133,0.005727732330151441,0
22,0.024943310657596373,55.0,1.375,52.375,4.0,-0.309625,-0.372875,-0.6998750000000002,0.585625,-0.82775,1.8110851049423218,150.51739501953125,10.38790272100462,200,0.22827457427978515,39.85426712036133,0.005727732330151441,0
23,0.017241379310344827,7.125,0.125,7.25,0.0,-0.463375,-0.359,-0.8546250000000001,1.0785,-0.322625,1.5694670677185059,171.902587890625,13.690068858185514,200,0.22827457427978515,39.85426712036133,0.005727732330151441,0
24,0.0,7.75,0.0,7.625,0.125,0.45612500000000006,-0.10650000000000001,-0.363375,0.38037499999999996,-0.23087499999999994,1.5376921892166138,168.03660583496094,13.658694854406038,200,0.22827457427978515,39.85426712036133,0.005727732330151441,0
25,0.021739130434782608,63.125,1.375,60.125,4.375,0.07412500000000002,-0.374625,-0.8996250000000001,0.5018750000000001,-0.72375,1.8075467348098755,148.15673828125,10.244997434284757,200,0.22827457427978515,39.85426712036133,0.005727732330151441,0
26,0.0024937655860349127,50.0,0.125,46.625,3.5,0.27537500000000004,-0.006375000000000047,0.5431250000000001,0.691625,0.9711249999999999,1.7558631896972656,144.94349670410156,10.317801221166668,200,0.22827457427978515,39.85426712036133,0.005727732330151441,0
27,0.02412280701754386,56.875,1.375,54.125,4.125,0.07412500000000002,-0.374625,-0.899625,0.5018750000000001,-0.7237499999999999,1.790266752243042,142.3789520263672,9.940488712036885,200,0.22827457427978515,39.85426712036133,0.005727732330151441,0
28,0.024390243902439025,15.25,0.375,15.625,0.0,-0.58975,-0.60225,0.006749999999999978,1.0438749999999999,0.11024999999999995,1.544386625289917,172.137939453125,13.931421479331158,200,0.22827457427978515,39.85426712036133,0.005727732330151441,0
29,0.0,25.625,0.0,22.5,3.125,0.5551250000000001,-0.08350000000000002,-0.6014999999999999,0.33462499999999995,0.12349999999999996,1.7835341691970825,159.86810302734375,11.203661116161326,200,0.22827457427978515,39.85426712036133,0.005727732330151441,0
30,7.0,0.25,3.5,3.25,0.5,0.3595,0.7045,0.052749999999999964,-0.07849999999999999,0.194,2.8571126461029053,149.4947509765625,13.07978453316515,31,1.7184839556294103,153.914794921875,0.01116516418386997,1
31,9.0,0.0,1.2857142857142858,1.2857142857142858,0.0,0.4254285714285714,-0.3552857142857143,-1.1401428571428571,0.15571428571428572,-1.2457142857142858,2.312762941632952,127.64028930664062,7.883730955863829,31,1.7184839556294103,153.914794921875,0.01116516418386997,1
32,122.0,0.0,15.25,15.125,0.125,0.165875,-0.09412500000000001,-0.7535,0.150125,-0.7667499999999999,1.8569048643112183,117.43926239013672,7.9050466989726855,31,1.7184839556294103,153.914794921875,0.01116516418386997,1
33,10.5,0.16666666666666666,3.5,3.3333333333333335,0.3333333333333333,0.17200000000000001,0.39333333333333337,-0.5563333333333333,0.07083333333333335,-0.3898333333333333,1.5913394292195637,76.2821273803711,7.988463210785817,31,1.7184839556294103,153.914794921875,0.01116516418386997,1
34,0.5212765957446809,23.375,12.25,33.25,2.375,-0.273875,-0.49800000000000005,-0.5840000000000001,0.58325,-0.248875,1.556566596031189,169.92120361328125,13.64441775481558,31,1.7184839556294103,153.914794921875,0.01116516418386997,1
35,10.666666666666666,0.25,4.0,4.0,0.25,0.19387500000000005,0.16475,-0.417625,0.26637500000000003,-0.044250000000000025,1.7984795570373535,108.72101593017578,7.555928254545022,31,1.7184839556294103,153.914794921875,0.01116516418386997,1
36,0.12686567164179105,33.375,4.25,34.125,3.5,-0.17674999999999996,-0.325625,-1.5288750000000002,0.467,-0.8140000000000001,1.7943496704101562,149.60069274902344,10.420925356028414,31,1.7184839556294103,153.914794921875,0.01116516418386997,1
37,21.285714285714285,0.75,18.625,19.25,0.125,-0.238875,0.02687499999999996,0.27849999999999997,0.308,-0.13687500000000002,2.1051344871520996,134.57484436035156,7.990395315971141,31,1.7184839556294103,153.914794921875,0.01116516418386997,1
38,0.0966183574879227,25.75,2.5,25.25,3.0,0.14475000000000007,-0.18537500000000007,-1.269625,0.6553749999999999,-0.72525,1.927682876586914,139.82249450683594,9.066158524208372,31,1.7184839556294103,153.914794921875,0.01116516418386997,1
39,61.0,0.125,15.25,15.25,0.125,0.357875,0.172125,-0.49950000000000006,-0.06725,-0.631875,2.2482733726501465,154.90675354003906,8.612061113387863,31,1.7184839556294103,153.914794921875,0.01116516418386997,1
40,13.0,0.0,2.6,2.6,0.0,0.4168000000000001,-0.19640000000000005,0.5836,0.21500000000000002,-0.49319999999999997,2.105976867675781,117.79689025878906,11.18584977991719,65,0.4286053877610427,31.372249603271484,0.01366192712289105,1
41,0.0,1.25,0.0,1.0,0.25,0.63975,0.45499999999999996,-0.6815,0.20812499999999995,-0.23374999999999999,1.2520068883895874,42.69169235229492,4.261900518243556,65,0.4286053877610427,31.372249603271484,0.01366192712289105,0
42,0.4838709677419355,3.75,1.875,4.625,1.0,0.164875,0.35475,-0.63125,0.23275,-0.518,1.4261020421981812,62.59775161743164,5.486306682363181,65,0.4286053877610427,31.372249603271484,0.01366192712289105,1
43,0.1794871794871795,4.75,0.875,4.375,1.25,0.15050000000000002,0.5507500000000001,0.1725,0.14924999999999994,0.534,1.3466421365737915,54.90188217163086,5.0957103756725335,65,0.4286053877610427,31.372249603271484,0.01366192712289105,1
44,0.15,4.875,0.75,4.625,1.0,0.287,0.4175,-0.7454999999999998,0.098125,-0.5654999999999999,1.1834592819213867,49.87570571899414,5.267443400611465,65,0.4286053877610427,31.372249603271484,0.01366192712289105,1
45,0.0,6.375,0.0,4.625,1.75,-0.12325,0.471875,0.23675,-0.06325000000000003,0.64525,1.4742708206176758,68.54827117919922,5.8115560133711215,65,0.4286053877610427,31.372249603271484,0.01366192712289105,0
46,0.0,3.875,0.0,2.875,1.0,-0.21450000000000002,0.421875,-0.682375,0.357875,-0.057999999999999996,2.0162861347198486,143.08790588378906,8.870209020125568,65,0.4286053877610427,31.372249603271484,0.01366192712289105,0
47,1.25,2.875,3.75,5.625,1.0,-0.18424999999999994,0.02975,0.4242499999999999,0.287,-0.33999999999999997,2.5768203735351562,115.51058197021484,5.6030767646692885,65,0.4286053877610427,31.372249603271484,0.01366192712289105,1
48,3.0,1.8,6.0,6.8,1.0,-0.29119999999999996,0.18,0.11319999999999988,0.45899999999999996,-0.5882,2.927557182312012,143.4821014404297,9.801502823203647,65,0.4286053877610427,31.372249603271484,0.01366192712289105,1
49,19.0,0.0,2.375,2.0,0.375,0.588125,-0.10362500000000002,-0.18887499999999993,-0.16087500000000002,-0.603375,2.4042601585388184,103.08392333984375,5.3591623503911405,65,0.4286053877610427,31.372249603271484,0.01366192712289105,1
50,0.09375,3.875,0.375,4.0,0.25,-0.38825,-0.20962500000000006,0.2468749999999999,0.8816250000000001,0.43474999999999997,1.6346944570541382,162.3959503173828,12.41696366047142,500,0.21191462707519532,131.26243591308594,0.001614434667474192,0
51,0.0,1.75,0.0,1.5,0.25,0.012500000000000011,-0.47537500000000005,-0.06812500000000002,0.32550000000000007,0.600625,1.6679277420043945,167.778076171875,12.572899521320485,500,0.21191462707519532,131.26243591308594,0.001614434667474192,0
52,0.2,2.375,0.5,2.875,0.0,0.37825,-0.3566250000000001,0.4820000000000001,0.224625,0.31862500000000005,1.7651723623275757,120.79202270507812,8.553234803583724,500,0.21191462707519532,131.26243591308594,0.001614434667474192,0
53,0.09090909090909091,4.0,0.375,4.25,0.125,0.10600000000000004,-0.574875,-1.01125,0.03637500000000003,-0.581125,1.5998460054397583,100.7549057006836,7.871619654209821,500,0.21191462707519532,131.26243591308594,0.001614434667474192,0
54,0.0,1.375,0.0,1.375,0.0,0.35325000000000006,-0.22287499999999996,-1.112625,0.17762499999999998,-0.528,1.5734999179840088,174.67062377929688,13.874861615933046,500,0.21191462707519532,131.26243591308594,0.001614434667474192,0
55,0.0,4.375,0.0,4.125,0.25,-0.28874999999999995,-0.24750000000000003,0.5256249999999999,0.48749999999999993,0.2572500000000001,1.2552578449249268,101.429931640625,10.099501921930699,500,0.21191462707519532,131.26243591308594,0.001614434667474192,0
56,0.375,3.875,1.5,5.25,0.125,-0.4336249999999999,-0.1005,-0.404625,0.10774999999999997,-0.39150000000000007,1.5152559280395508,173.2645721435547,14.292163189597085,500,0.21191462707519532,131.26243591308594,0.001614434667474192,0
57,0.02857142857142857,4.25,0.125,4.25,0.125,-0.17900000000000005,-0.11787500000000002,0.88025,0.32049999999999995,0.593875,1.538569688796997,172.14059448242188,13.984304012335217,500,0.21191462707519532,131.26243591308594,0.001614434667474192,0
58,0.0,4.0,0.0,3.75,0.25,-0.03962500000000001,-0.30712500000000004,-0.397375,0.376125,-0.12425000000000003,1.281838059425354,86.7680435180664,8.460466438572789,500,0.21191462707519532,131.26243591308594,0.001614434667474192,0
59,0.0,3.125,0.0,3.125,0.0,-0.20262499999999994,-0.270125,-0.12212499999999998,0.4643750000000001,0.04124999999999998,1.5445847511291504,169.92649841308594,13.750681826219557,500,0.21191462707519532,131.26243591308594,0.001614434667474192,0
60,0.16,6.125,1.0,7.0,0.125,-0.14624999999999996,-0.6255000000000001,-0.71925,0.6495,0.028499999999999956,1.5239381790161133,173.23605346679688,14.208404862408047,41,0.2933952750229254,19.550107955932617,0.015007348076248988,0
61,1.0,0.42857142857142855,0.5714285714285714,1.0,0.0,0.9001428571428571,-0.34342857142857147,-0.9568571428571431,0.036142857142857136,-0.6431428571428572,1.66482298714774,139.5477752685547,11.973456714020696,41,0.2933952750229254,19.550107955932617,0.015007348076248988,0
62,0.0,0.6,0.0,0.6,0.0,1.3414000000000001,-0.3892,-0.6298,-0.09720000000000001,-0.2774,1.8899553298950196,112.21669006347656,11.873806166999954,41,0.2933952750229254,19.550107955932617,0.015007348076248988,0
63,0.8571428571428571,1.2,1.2,2.4,0.0,0.30379999999999996,-0.7482,0.664,-0.007400000000000004,-0.7375999999999999,2.5374526977539062,117.9025650024414,9.292253830226475,41,0.2933952750229254,19.550107955932617,0.015007348076248988,0
64,1.8571428571428572,0.75,1.625,2.0,0.375,0.338125,-0.560875,0.37837499999999996,0.5645,0.8422499999999999,1.5498050451278687,166.90557861328125,13.46073481976985,41,0.2933952750229254,19.550107955932617,0.015007348076248988,0
65,1.3,1.125,1.625,2.375,0.375,0.3065,-0.763375,0.7442500000000001,0.20175000000000004,0.54525,1.542342185974121,168.00318908691406,13.614810627301472,41,0.2933952750229254,19.550107955932617,0.015007348076248988,0
66,0.0,0.5,0.0,0.5,0.0,0.32899999999999996,-0.05400000000000005,-1.372,0.343375,-0.7946249999999998,1.5049238204956055,120.90130615234375,10.041310994859582,41,0.2933952750229254,19.550107955932617,0.015007348076248988,0
67,0.3157894736842105,2.25,0.75,3.0,0.0,0.9436249999999999,-0.54625,-0.12849999999999995,-0.02512500000000001,-0.5865,1.4090641736984253,87.20549774169922,7.73543213442627,41,0.2933952750229254,19.550107955932617,0.015007348076248988,0
68,0.18,6.125,1.125,7.125,0.125,0.11112500000000003,-0.8705,-0.05762499999999997,0.531125,0.565375,1.5326027870178223,173.16363525390625,14.122177851850084,41,0.2933952750229254,19.550107955932617,0.015007348076248988,0
69,0.14285714285714285,0.75,0.125,0.875,0.0,0.41100000000000003,0.22037499999999993,-1.9964999999999997,0.14125000000000001,-1.2633750000000001,1.4644478559494019,84.2995834350586,7.194895007494508,41,0.2933952750229254,19.550107955932617,0.015007348076248988,0
70,0.08888888888888889,5.5,0.5,5.625,0.375,-0.3055,-0.01149999999999999,-1.5703749999999999,0.4585,-0.5354999999999999,1.6292363405227661,160.45726013183594,12.309827794272039,95,0.3925541124845806,75.70496368408203,0.005185315379354977,0
71,0.022727272727272728,5.375,0.125,5.25,0.25,-0.566125,-0.481375,-1.143125,0.241875,-0.517625,1.4908757209777832,84.48521423339844,7.082928687149955,95,0.3925541124845806,75.70496368408203,0.005185315379354977,0
72,3.6666666666666665,0.25,1.375,1.125,0.5,0.6773750000000001,-0.28275,0.004750000000000032,0.19699999999999995,0.25187499999999996,1.6026948690414429,162.86468505859375,12.701418310030842,95,0.3925541124845806,75.70496368408203,0.005185315379354977,0
73,2.0,0.0,0.5,0.5,0.0,0.5155000000000001,-0.04050000000000002,-2.154,0.42600000000000005,-1.0967500000000001,2.605363368988037,109.48576354980469,10.504797531830917,95,0.3925541124845806,75.70496368408203,0.005185315379354977,0
74,0.3409090909090909,5.375,1.875,5.875,1.375,0.5720000000000001,-0.31512500000000004,-0.5511250000000001,-0.28725,0.629,1.4632521867752075,172.32008361816406,14.719383797240592,95,0.3925541124845806,75.70496368408203,0.005185315379354977,0
75,6.0,0.125,1.5,1.0,0.625,0.6922499999999999,-0.22262500000000002,-0.07662499999999994,0.2275,0.0782499999999999,1.5675883293151855,172.70530700683594,13.770478933980051,95,0.3925541124845806,75.70496368408203,0.005185315379354977,0
76,0.32142857142857145,3.375,1.125,4.375,0.125,-0.06112500000000002,-0.20525000000000002,0.20437499999999997,-0.10937499999999999,0.257625,1.52352774143219,172.3839111328125,14.142322791574589,95,0.3925541124845806,75.70496368408203,0.005185315379354977,0
77,0.32142857142857145,3.375,1.125,4.0,0.5,0.01962500000000003,-0.16475,-0.36624999999999996,0.227375,0.31837499999999996,1.603424072265625,101.12954711914062,7.883259457742736,95,0.3925541124845806,75.70496368408203,0.005185315379354977,0
78,0.06818181818181818,5.375,0.375,5.125,0.625,-0.17924999999999996,-0.016375000000000084,-0.881625,0.5877500000000001,-0.56925,2.592989683151245,155.10629272460938,7.476833445335644,95,0.3925541124845806,75.70496368408203,0.005185315379354977,0
79,9.0,0.0,1.2857142857142858,0.5714285714285714,0.7142857142857143,1.0292857142857144,-0.22128571428571434,-0.2817142857142857,0.24728571428571428,0.08228571428571432,1.7275727135794503,101.76786041259766,8.414733315825945,95,0.3925541124845806,75.70496368408203,0.005185315379354977,0
80,12.0,0.0,1.7142857142857142,1.2857142857142858,0.42857142857142855,-0.23028571428571423,-0.16642857142857143,-1.6455714285714282,0.5618571428571428,-0.7452857142857142,1.627831186567034,78.234130859375,6.865161303808716,51,0.29048579346899894,29.276866912841797,0.00992202459142178,1
81,10.0,0.0,1.25,1.25,0.0,0.15412500000000004,0.16137500000000002,-1.1909999999999998,0.21849999999999997,-0.9508749999999999,1.7552165985107422,99.04597473144531,7.053183751774967,51,0.29048579346899894,29.276866912841797,0.00992202459142178,1
82,3.3333333333333335,0.25,1.25,1.375,0.125,0.14362500000000003,-0.44575000000000004,-0.24212499999999987,0.549625,-0.40824999999999995,2.0712294578552246,102.04319763183594,6.157999494295639,51,0.29048579346899894,29.276866912841797,0.00992202459142178,1
83,5.5,0.125,1.375,1.5,0.0,-0.22374999999999995,0.588,-1.7025,0.7178749999999999,-0.8732499999999999,2.574662446975708,139.75209045410156,6.784642098236666,51,0.29048579346899894,29.276866912841797,0.00992202459142178,1
84,17.0,0.0,2.125,1.75,0.375,-0.3288749999999999,-0.269,-1.6279999999999997,0.649875,-0.766125,1.6738029718399048,105.32362365722656,7.865005650561212,51,0.29048579346899894,29.276866912841797,0.00992202459142178,1
85,14.0,0.0,1.75,1.625,0.125,0.009250000000000015,0.35862499999999997,-1.4103750000000002,0.365125,-1.050125,1.7247323989868164,90.71229553222656,6.573898194824039,51,0.29048579346899894,29.276866912841797,0.00992202459142178,1
86,6.5,0.125,1.625,1.625,0.125,0.009000000000000036,0.34812499999999996,-1.343625,0.36637500000000006,-1.016625,1.7867066860198975,94.64627075195312,6.6210958405079445,51,0.29048579346899894,29.276866912841797,0.00992202459142178,1
87,12.5,0.125,3.125,2.875,0.375,0.15350000000000005,-0.7060000000000002,-1.11625,0.644875,-0.739625,1.7149806022644043,158.47601318359375,11.550018623806784,51,0.29048579346899894,29.276866912841797,0.00992202459142178,1
88,21.0,0.0,2.625,2.125,0.5,-0.21425000000000002,0.45662499999999995,-0.73875,0.583625,-0.43587499999999996,1.2985711097717285,85.16511535644531,8.197175104672366,51,0.29048579346899894,29.276866912841797,0.00992202459142178,1
89,26.0,0.0,3.7142857142857144,3.2857142857142856,0.42857142857142855,-0.0638571428571428,-0.49814285714285716,-1.3494285714285716,0.7174285714285713,-0.7757142857142857,1.7400195258004325,124.5199966430664,10.222362650387899,51,0.29048579346899894,29.276866912841797,0.00992202459142178,1
90,0.0,2.0,0.0,1.875,0.125,0.039749999999999994,0.5171250000000001,-0.44725,0.35887499999999994,-0.20074999999999996,1.7866277694702148,105.83816528320312,7.404365554347574,100,0.5564867782592774,111.08052825927734,0.0050097599190414375,0
91,0.0,0.0,0.0,0.0,0.0,-0.14137499999999995,-0.12987500000000007,0.09337500000000006,0.7768750000000001,-0.054374999999999965,2.566504955291748,137.25881958007812,6.6847783850319376,100,0.5564867782592774,111.08052825927734,0.0050097599190414375,0
92,5.6,0.5,3.5,4.0,0.0,-0.031125000000000014,0.10149999999999999,-1.2979999999999998,0.26899999999999996,-0.7222500000000001,1.7062915563583374,166.2253875732422,12.176495457239328,100,0.5564867782592774,111.08052825927734,0.0050097599190414375,1
93,0.8076923076923077,3.125,2.625,5.625,0.125,0.16062500000000002,0.605375,0.94825,0.33912499999999995,0.24975000000000008,1.6029258966445923,78.94856262207031,6.156117905186338,100,0.5564867782592774,111.08052825927734,0.0050097599190414375,1
94,0.5,4.375,2.25,6.0,0.625,-0.201125,-0.18275000000000002,0.14387499999999998,0.49887499999999996,-0.54225,2.0307068824768066,121.05258178710938,7.450923364928747,100,0.5564867782592774,111.08052825927734,0.0050097599190414375,1
95,2.5294117647058822,2.0,5.375,6.875,0.5,0.5676249999999999,-0.390125,-0.4425000000000001,0.352375,0.03937499999999995,1.940747618675232,104.19876098632812,6.710819142876721,100,0.5564867782592774,111.08052825927734,0.0050097599190414375,1
96,7.225,4.875,36.125,38.875,2.125,-0.26749999999999996,0.26824999999999993,0.11099999999999999,0.396,0.028999999999999998,1.3294587135314941,105.5152587890625,9.919952549358896,100,0.5564867782592774,111.08052825927734,0.0050097599190414375,1
97,0.0,0.0,0.0,0.0,0.0,-0.55875,1.039,0.007750000000000035,0.7882499999999999,0.57425,2.8952040672302246,113.99050903320312,9.842196283072608,100,0.5564867782592774,111.08052825927734,0.0050097599190414375,0
98,3.0,0.75,2.625,3.125,0.25,-0.111625,0.03199999999999997,-1.1156249999999999,0.584125,-0.5972500000000001,2.467013120651245,162.9490509033203,8.255975290730126,100,0.5564867782592774,111.08052825927734,0.0050097599190414375,1
99,0.19230769230769232,3.125,0.625,3.5,0.25,-0.32575,0.08112500000000002,-0.0782500000000001,0.46799999999999997,-0.06549999999999997,1.8108333349227905,110.38500213623047,7.619239493777247,100,0.5564867782592774,111.08052825927734,0.0050097599190414375,0
100,0.0,3.125,0.0,3.125,0.0,-0.016249999999999973,-0.123125,-0.99025,0.2375,-0.18899999999999995,1.7036633491516113,127.23069763183594,9.334397204851582,446,0.10787607201546297,53.55896759033203,0.0020141551801483148,0
101,0.16,6.125,1.0,6.75,0.375,-0.22149999999999997,-0.452625,-0.055999999999999994,0.26275000000000004,0.012750000000000011,1.6480648517608643,124.05520629882812,9.408443311786275,446,0.10787607201546297,53.55896759033203,0.0020141551801483148,0
102,0.21951219512195122,5.0,1.125,5.75,0.375,-0.28562499999999996,0.5363749999999999,-0.22737499999999988,0.41662499999999997,0.18500000000000003,2.9007065296173096,144.1182098388672,6.210211122544916,446,0.10787607201546297,53.55896759033203,0.0020141551801483148,0
103,0.08695652173913043,2.75,0.25,2.625,0.375,0.489875,0.3092499999999999,1.2040000000000002,0.29,1.021375,1.7878446578979492,147.47677612304688,10.310352266857674,446,0.10787607201546297,53.55896759033203,0.0020141551801483148,0
104,0.22727272727272727,2.625,0.625,2.875,0.375,0.001625000000000043,0.035250000000000004,-1.739125,-0.401625,-1.33475,1.0297436714172363,84.97249603271484,10.313511129018687,446,0.10787607201546297,53.55896759033203,0.0020141551801483148,0
105,0.0,1.875,0.0,1.75,0.125,-0.12812499999999996,0.8216249999999999,-0.838875,0.563375,-0.3118749999999999,2.1523513793945312,150.03817749023438,8.713114051246786,446,0.10787607201546297,53.55896759033203,0.0020141551801483148,0
106,0.25,6.375,1.625,7.125,0.875,-0.220375,0.308875,0.05499999999999999,0.19199999999999998,0.34337500000000004,2.7681620121002197,123.55282592773438,5.5789385903486215,446,0.10787607201546297,53.55896759033203,0.0020141551801483148,0
107,0.19230769230769232,3.125,0.625,3.25,0.5,0.03275000000000003,-0.5231250000000001,-0.6381249999999999,0.49474999999999997,-0.663125,1.5851695537567139,166.83859252929688,13.155172971951421,446,0.10787607201546297,53.55896759033203,0.0020141551801483148,0
108,0.13333333333333333,1.75,0.25,1.875,0.125,0.11012500000000006,-0.42500000000000004,-0.19250000000000003,0.7537500000000001,-0.2771250000000001,1.6515425443649292,104.4278564453125,7.903213997392656,446,0.10787607201546297,53.55896759033203,0.0020141551801483148,0
109,0.11764705882352941,6.25,0.75,5.5,1.5,-0.155125,-0.339125,1.0124999999999997,0.46925000000000006,0.699625,2.940347909927368,141.814697265625,6.0285667310028,446,0.10787607201546297,53.55896759033203,0.0020141551801483148,0
110,0.0,5.625,0.0,4.875,0.75,-0.15462499999999998,-0.433125,-0.009249999999999994,0.28525,0.352125,1.8841248750686646,92.34166717529297,6.1258904934203535,423,0.13625896625203163,73.95035552978516,0.0018425735113220692,0
111,0.631578947368421,2.25,1.5,3.375,0.375,0.04475000000000002,-0.21262500000000006,-0.7895000000000001,0.6400000000000001,-0.39125,1.6316843032836914,142.44070434570312,10.911255382221253,423,0.13625896625203163,73.95035552978516,0.0018425735113220692,0
112,0.2857142857142857,2.5,0.75,2.625,0.625,0.03275000000000002,0.011749999999999983,-0.43574999999999997,0.5753750000000001,-0.454375,2.1088099479675293,96.4331283569336,5.715748158203642,423,0.13625896625203163,73.95035552978516,0.0018425735113220692,0
113,0.017543859649122806,7.0,0.125,5.75,1.375,-0.521,-0.12212500000000003,0.248375,0.6725,0.4125,3.311095714569092,169.03004455566406,6.380956568824683,423,0.13625896625203163,73.95035552978516,0.0018425735113220692,0
114,0.3076923076923077,3.125,1.0,3.75,0.375,0.023249999999999965,-0.43000000000000005,0.49612500000000004,0.34375,0.76425,1.512555480003357,176.5111846923828,14.585960735408504,423,0.13625896625203163,73.95035552978516,0.0018425735113220692,0
115,0.5,1.375,0.75,1.875,0.25,-0.16525000000000006,-0.2533750000000001,-0.09025,0.8452500000000002,-0.01362499999999997,1.4268362522125244,91.38582611083984,8.00528272659338,423,0.13625896625203163,73.95035552978516,0.0018425735113220692,0
116,0.0,1.125,0.0,0.875,0.25,-0.298125,-0.05450000000000001,-0.7553749999999998,1.019375,0.12662500000000004,2.4016823768615723,152.65679931640625,7.944891875336501,423,0.13625896625203163,73.95035552978516,0.0018425735113220692,0
117,0.3,2.375,0.75,3.125,0.0,-0.33762499999999995,-0.07774999999999999,-1.8623750000000001,0.9822500000000001,-0.804125,1.1990160942077637,67.69529724121094,7.056644289838051,423,0.13625896625203163,73.95035552978516,0.0018425735113220692,0
118,0.0,2.875,0.0,2.875,0.0,-0.362,0.0007500000000000284,-0.023749999999999966,0.9265000000000001,-0.133125,1.7636276483535767,112.77291870117188,7.992398962975538,423,0.13625896625203163,73.95035552978516,0.0018425735113220692,0
119,0.1875,3.875,0.75,4.25,0.375,-0.0024999999999999467,-0.19725000000000004,-0.6419999999999999,0.8055000000000001,4.163336342344337e-17,2.158339262008667,148.7386474609375,8.613684859120697,423,0.13625896625203163,73.95035552978516,0.0018425735113220692,0
120,8.0,0.125,2.0,2.0,0.125,-0.23612499999999997,0.14800000000000002,-1.2799999999999998,0.8575,-1.0662500000000001,2.5644195079803467,160.0561981201172,7.801395024635685,57,0.6557751705771998,78.05448913574219,0.008401504869716862,1
121,1.3846153846153846,1.5,2.25,3.0,0.75,-0.231625,0.22975,-0.8106249999999998,1.014375,-0.07175,1.8526415824890137,92.23341369628906,6.22268170259623,57,0.6557751705771998,78.05448913574219,0.008401504869716862,1
122,2.2857142857142856,1.2,3.2,4.4,0.0,-0.7676000000000001,-0.5386,-1.0646,0.7486,-0.751,1.9187963485717774,103.62213134765625,10.799617354642447,57,0.6557751705771998,78.05448913574219,0.008401504869716862,0
123,1.8461538461538463,1.5,3.0,3.5,1.0,-0.28512499999999996,0.269125,-0.9071249999999997,0.9763750000000001,-0.16749999999999998,1.1659693717956543,43.971126556396484,4.713504286180317,57,0.6557751705771998,78.05448913574219,0.008401504869716862,1
124,1.6363636363636365,1.4285714285714286,2.5714285714285716,4.0,0.0,-0.413,-0.5785714285714285,-0.6505714285714285,0.821857142857143,-0.14342857142857143,1.6027789797101701,85.1031494140625,7.584644799216267,57,0.6557751705771998,78.05448913574219,0.008401504869716862,0
125,15.0,0.0,1.875,1.75,0.125,-0.22800000000000006,-0.229,-0.6801249999999999,1.008,-0.6578749999999999,1.5204540491104126,80.82366943359375,6.644152229448231,57,0.6557751705771998,78.05448913574219,0.008401504869716862,1
126,7.0,0.125,1.75,1.75,0.125,-0.08512499999999998,0.5315000000000001,-1.295375,0.7518750000000001,-1.1262499999999998,2.0570216178894043,110.37641143798828,6.706887739437874,57,0.6557751705771998,78.05448913574219,0.008401504869716862,1
127,1.3333333333333333,1.0,1.5,2.25,0.25,0.03475000000000003,0.05424999999999999,-0.99375,0.477625,-0.34575,2.366053819656372,151.87841796875,8.0234013120153,57,0.6557751705771998,78.05448913574219,0.008401504869716862,1
128,1.4,2.375,3.5,5.5,0.375,-0.32237499999999997,0.18249999999999994,-0.12262499999999997,1.074875,0.39587500000000003,2.349252462387085,101.48190307617188,5.399403921936259,57,0.6557751705771998,78.05448913574219,0.008401504869716862,0
129,0.6818181818181818,2.625,1.875,4.5,0.0,-0.208,0.072625,-0.48300000000000004,0.861125,0.11200000000000003,1.2507338523864746,50.6394157409668,5.060464620403956,57,0.6557751705771998,78.05448913574219,0.008401504869716862,0
130,0.0,1.875,0.0,1.875,0.0,0.019625000000000017,0.08237499999999995,-1.221125,0.601,-0.49749999999999994,1.5633893013000488,172.14222717285156,13.76244424417135,134,0.09635340989525638,35.242286682128906,0.002734028321269983,0
131,0.0,1.875,0.0,1.75,0.125,-0.25625,-0.19300000000000003,-0.37712499999999993,0.66875,-0.8034999999999999,1.6960375308990479,145.62986755371094,10.732304901562124,134,0.09635340989525638,35.242286682128906,0.002734028321269983,0
132,0.0,1.875,0.0,1.75,0.125,0.25325000000000003,-0.604125,0.18400000000000005,0.12475000000000001,0.41825,1.5506837368011475,169.93685913085938,13.697438560459434,134,0.09635340989525638,35.242286682128906,0.002734028321269983,0
133,0.23076923076923078,1.5,0.375,1.875,0.0,-0.091375,-0.536,-0.8555,0.7761250000000001,-0.5048750000000001,1.5369936227798462,171.20025634765625,13.922173426508575,134,0.09635340989525638,35.242286682128906,0.002734028321269983,0
134,0.0,1.75,0.0,1.75,0.0,-0.469,-0.7851250000000001,-0.47137499999999993,1.1940000000000002,0.03374999999999992,1.564900279045105,165.71994018554688,13.236203146720126,134,0.09635340989525638,35.242286682128906,0.002734028321269983,0
135,0.3333333333333333,1.6,0.6,2.2,0.0,0.4572,0.2974,-1.424,0.3896,-0.5942000000000001,2.841462326049805,154.92880249023438,10.90409659655804,134,0.09635340989525638,35.242286682128906,0.002734028321269983,0
136,0.6,1.125,0.75,1.875,0.0,-0.11400000000000005,-0.731,-1.1305000000000003,0.651,-0.5355,1.5323923826217651,165.32737731933594,13.48495123074077,134,0.09635340989525638,35.242286682128906,0.002734028321269983,0
137,0.1,1.125,0.125,1.25,0.0,-0.24049999999999996,-0.07525,0.256125,0.853375,0.29700000000000004,1.5573809146881104,169.74119567871094,13.622837165332813,134,0.09635340989525638,35.242286682128906,0.002734028321269983,0
138,0.0,1.5,0.0,1.375,0.125,-0.270625,-0.0985,-0.14725,0.7947500000000001,-0.43274999999999997,2.0567429065704346,112.57194519042969,6.841223543745273,134,0.09635340989525638,35.242286682128906,0.002734028321269983,0
139,0.6,2.3333333333333335,1.5,3.5,0.3333333333333333,-0.05383333333333332,-0.431,-0.32216666666666666,0.29866666666666664,0.20783333333333334,1.4293400446573894,63.240806579589844,7.37326683843899,134,0.09635340989525638,35.242286682128906,0.002734028321269983,0
140,6.0,0.0,0.75,0.75,0.0,0.336125,-0.313625,-0.17287499999999997,0.17800000000000002,0.50725,1.6147797107696533,157.52427673339844,12.193000899904751,11,1.5846585360440342,139.31704711914062,0.011374476913000258,1
141,5.0,0.0,0.8333333333333334,0.8333333333333334,0.0,0.36166666666666664,-0.24450000000000002,-0.22999999999999998,-0.046999999999999986,0.3455,1.8213574091593425,146.61502075195312,13.415050130979594,11,1.5846585360440342,139.31704711914062,0.011374476913000258,1
142,5.0,0.0,1.0,1.0,0.0,0.0678,-0.18119999999999997,-0.38259999999999994,-0.0009999999999999788,0.08500000000000003,1.7874994277954102,113.2890625,12.674285256074397,11,1.5846585360440342,139.31704711914062,0.011374476913000258,1
143,4.0,0.0,0.8,0.8,0.0,0.22059999999999996,-0.23820000000000005,-1.1469999999999998,0.673,0.014800000000000058,1.930243682861328,118.59358978271484,12.286666618208093,11,1.5846585360440342,139.31704711914062,0.011374476913000258,1
144,8.0,0.0,1.1428571428571428,1.1428571428571428,0.0,0.11357142857142856,-0.27385714285714285,-0.9441428571428572,0.46499999999999997,-0.1375714285714285,1.7689243044172014,142.8870391845703,11.538529804161618,11,1.5846585360440342,139.31704711914062,0.011374476913000258,1
145,4.0,0.0,1.0,1.0,0.0,-0.18199999999999994,-0.15749999999999997,-1.567,0.9105,-0.39349999999999996,1.7639561891555786,76.24691772460938,10.804706132606908,11,1.5846585360440342,139.31704711914062,0.011374476913000258,1
146,2.0,0.0,0.5,0.5,0.0,0.3945,-0.08974999999999998,-1.011,-0.09949999999999998,-0.09774999999999995,1.820622444152832,78.85596466064453,10.82667335016602,11,1.5846585360440342,139.31704711914062,0.011374476913000258,1
147,9.0,0.0,1.125,1.125,0.0,0.016500000000000015,-0.430125,-0.54875,0.28125,0.031124999999999944,1.6966477632522583,173.75088500976562,12.800099752067846,11,1.5846585360440342,139.31704711914062,0.011374476913000258,1
148,5.0,0.0,0.7142857142857143,0.7142857142857143,0.0,0.5297142857142857,-0.21742857142857144,0.017428571428571443,0.022571428571428583,0.71,1.7412167957850866,147.0653533935547,12.064903515912915,11,1.5846585360440342,139.31704711914062,0.011374476913000258,1
149,8.0,0.0,1.0,1.0,0.0,0.07087500000000005,-0.06475000000000003,-1.421125,0.490625,-0.45125000000000004,1.7043153047561646,171.95419311523438,12.610752092300027,11,1.5846585360440342,139.31704711914062,0.011374476913000258,1
150,0.6190476190476191,2.5,1.625,3.625,0.5,-0.03487499999999999,-0.01687500000000003,-0.8184999999999999,0.524875,-0.15574999999999997,1.6182091236114502,73.73681640625,5.695425880418627,251,0.1332289099218361,84.52739715576172,0.0015761624562546307,0
151,0.03333333333333333,3.625,0.125,2.375,1.375,0.54025,-0.29862500000000003,0.7237500000000001,0.20950000000000002,0.3486249999999999,2.1396188735961914,124.03988647460938,7.246187733332538,251,0.1332289099218361,84.52739715576172,0.0015761624562546307,0
152,0.0,3.7142857142857144,0.0,3.142857142857143,0.5714285714285714,-0.196,-0.03257142857142857,-0.6792857142857143,0.682,-0.7505714285714286,2.1372101647513255,105.93107604980469,7.080258015050089,251,0.1332289099218361,84.52739715576172,0.0015761624562546307,0
153,0.02564102564102564,4.75,0.125,3.75,1.125,0.18537500000000004,-0.288125,-0.0898749999999999,0.600875,-0.2527500000000001,2.418724298477173,138.70819091796875,7.1680876835369,251,0.1332289099218361,84.52739715576172,0.0015761624562546307,0
154,0.041666666666666664,2.875,0.125,2.875,0.125,0.21737500000000004,0.06112499999999998,-1.0455,0.336625,-0.622625,2.4992873668670654,122.01050567626953,6.101959569260966,251,0.1332289099218361,84.52739715576172,0.0015761624562546307,0
155,0.045454545454545456,5.375,0.25,5.25,0.375,0.4474999999999999,-0.09275,-1.1113749999999998,0.4245,-0.501,1.1640279293060303,42.90346145629883,4.606725239470283,251,0.1332289099218361,84.52739715576172,0.0015761624562546307,0
156,0.0,2.125,0.0,2.0,0.125,-0.43649999999999994,-0.376,-1.4555,1.05675,-0.5872499999999999,1.4493523836135864,136.9069366455078,11.806577511423042,251,0.1332289099218361,84.52739715576172,0.0015761624562546307,0
157,0.21052631578947367,2.25,0.5,2.25,0.5,0.11724999999999998,0.031249999999999972,-0.17549999999999993,0.58625,-0.34562499999999996,2.211912155151367,137.5275421142578,7.771543404796864,251,0.1332289099218361,84.52739715576172,0.0015761624562546307,0
158,0.011834319526627219,21.0,0.25,18.125,3.125,-0.345375,0.5866250000000001,-0.4772500000000001,0.34524999999999995,-0.34887499999999994,2.518571376800537,140.35459899902344,6.96563707975164,251,0.1332289099218361,84.52739715576172,0.0015761624562546307,0
159,0.0,5.25,0.0,3.875,1.375,-0.13762500000000003,0.232625,-1.3063749999999998,0.724375,-0.47712499999999997,1.7418450117111206,83.26602935791016,5.97499015468977,251,0.1332289099218361,84.52739715576172,0.0015761624562546307,0
160,6.5,0.16666666666666666,2.1666666666666665,2.0,0.3333333333333333,0.1891666666666666,-0.34816666666666674,0.775,0.168,-0.27066666666666667,2.581716696421305,135.49075317382812,8.7462479980621,11,1.4810948805375532,116.09635162353516,0.012757462743879235,1
161,11.0,0.0,2.2,2.0,0.2,0.47479999999999994,-0.30840000000000006,0.5038,0.12299999999999997,-0.488,2.5266021728515624,120.05805206298828,9.502766251581905,11,1.4810948805375532,116.09635162353516,0.012757462743879235,1
162,11.0,0.125,2.75,2.625,0.25,0.55275,-0.5707500000000001,0.58075,0.07625,-0.84425,2.4155008792877197,147.4359893798828,7.629285159802784,11,1.4810948805375532,116.09635162353516,0.012757462743879235,1
163,10.0,0.0,2.5,2.5,0.0,0.77575,0.0012499999999999456,1.10575,-0.04774999999999999,-0.38849999999999996,1.6386018991470337,65.26041412353516,9.955203114677563,11,1.4810948805375532,116.09635162353516,0.012757462743879235,0
164,11.0,0.125,2.75,2.625,0.25,0.33512499999999995,-0.18262500000000007,0.5623750000000001,0.19275,-0.48162499999999997,2.57444167137146,161.50430297851562,7.841334270656263,11,1.4810948805375532,116.09635162353516,0.012757462743879235,1
165,10.0,0.0,2.5,2.25,0.25,0.25425,-0.022250000000000048,0.2605,0.12549999999999997,-0.40075,2.2950146198272705,98.87455749511719,10.769407222265942,11,1.4810948805375532,116.09635162353516,0.012757462743879235,0
166,11.0,0.14285714285714285,3.142857142857143,3.0,0.2857142857142857,0.18914285714285708,-0.0011428571428572073,0.4317142857142858,0.20414285714285715,-0.4308571428571429,2.4652630942208424,122.45301818847656,7.095500156054777,11,1.4810948805375532,116.09635162353516,0.012757462743879235,1
167,8.0,0.14285714285714285,2.2857142857142856,2.142857142857143,0.2857142857142857,0.654,-0.4925714285714286,1.3582857142857143,0.06114285714285715,-0.3445714285714285,1.7217818668910436,96.76232147216797,8.027754401107105,11,1.4810948805375532,116.09635162353516,0.012757462743879235,1
168,6.0,0.2,2.4,2.4,0.2,0.37279999999999996,-0.10840000000000008,1.3108,0.04040000000000001,-0.1476,1.2271247863769532,66.54708862304688,10.84425074140204,11,1.4810948805375532,116.09635162353516,0.012757462743879235,1
169,11.0,0.125,2.75,2.625,0.25,0.4465,-0.50475,1.4248750000000001,0.0038750000000000034,-0.24999999999999994,1.6574252843856812,84.11787414550781,6.343538634838721,11,1.4810948805375532,116.09635162353516,0.012757462743879235,1
170,0.0,1.75,0.0,1.625,0.125,-0.09250000000000001,-0.5495,0.958125,0.501625,0.64475,1.4658546447753906,155.27427673339844,13.239804973314339,99,0.23194706078731653,49.2565803527832,0.004708955821254257,0
171,0.0,0.625,0.0,0.125,0.5,0.604375,0.30224999999999996,0.23087500000000005,0.30687499999999995,0.63025,1.369085669517517,134.48321533203125,12.277440054150004,99,0.23194706078731653,49.2565803527832,0.004708955821254257,0
172,0.0,2.625,0.0,2.375,0.25,-0.21899999999999997,-0.13937500000000003,-0.19124999999999998,0.4932500000000001,-0.013500000000000012,1.6619343757629395,134.82801818847656,10.14013248824114,99,0.23194706078731653,49.2565803527832,0.004708955821254257,0
173,0.0,3.125,0.0,1.875,1.25,0.39325,-0.00737500000000002,-1.35525,0.37675000000000003,-0.8370000000000002,0.7566975951194763,23.913070678710938,3.9495832366989325,99,0.23194706078731653,49.2565803527832,0.004708955821254257,0
174,0.0,1.875,0.0,1.75,0.125,-0.020875000000000005,-0.49587500000000007,0.588375,0.423625,0.21274999999999997,1.4687422513961792,175.29795837402344,14.917784283041936,99,0.23194706078731653,49.2565803527832,0.004708955821254257,0
175,0.3076923076923077,3.125,1.0,3.875,0.25,0.0875,-0.088125,0.935875,0.272125,0.216625,1.6358426809310913,160.3277130126953,12.250220074751624,99,0.23194706078731653,49.2565803527832,0.004708955821254257,0
176,0.0,2.25,0.0,2.0,0.25,-0.219,-0.13937500000000003,-0.19125,0.4932500000000001,-0.013499999999999995,1.3713752031326294,97.94542694091797,8.926851297324076,99,0.23194706078731653,49.2565803527832,0.004708955821254257,0
177,0.0,2.75,0.0,2.0,0.75,0.209625,-0.32700000000000007,-0.86175,0.12575000000000003,-0.826875,1.9961516857147217,85.80679321289062,5.372927123962869,99,0.23194706078731653,49.2565803527832,0.004708955821254257,0
178,0.0,4.375,0.0,3.25,1.125,0.27074999999999994,-0.14775000000000002,-0.07112499999999992,0.39137500000000003,-0.23612499999999997,1.7663930654525757,90.35738372802734,6.393748915955617,99,0.23194706078731653,49.2565803527832,0.004708955821254257,0
179,0.0,5.125,0.0,3.625,1.5,-0.25975000000000004,-0.08362500000000002,-0.7964999999999999,0.549375,-0.7440000000000002,2.978487491607666,135.26353454589844,5.67644897276029,99,0.23194706078731653,49.2565803527832,0.004708955821254257,0
180,5.0,0.0,0.625,0.625,0.0,-0.4767499999999999,-0.11275,-1.4028749999999999,0.575375,-0.77575,1.5248411893844604,171.075439453125,14.022887904335944,15,1.370834223429362,171.7068634033203,0.007983572678800992,1
181,20.0,0.0,2.857142857142857,2.5714285714285716,0.2857142857142857,0.18757142857142856,-0.4645714285714286,0.2647142857142857,0.3851428571428571,0.4202857142857143,1.4837495258876257,144.35513305664062,13.897343298655336,15,1.370834223429362,171.7068634033203,0.007983572678800992,1
182,14.0,0.0,3.5,3.25,0.25,0.53425,-0.66875,0.6795,0.5025,0.303,1.5489006042480469,69.69896697998047,11.247932704033662,15,1.370834223429362,171.7068634033203,0.007983572678800992,1
183,17.0,0.0,3.4,3.0,0.4,0.735,-0.546,0.844,0.48999999999999994,0.8218,1.701622200012207,110.2299575805664,12.954344769950204,15,1.370834223429362,171.7068634033203,0.007983572678800992,1
184,2.0,0.0,0.25,0.25,0.0,-0.47599999999999987,-0.20574999999999993,-1.3631250000000001,0.858125,-0.9016249999999999,1.4806687831878662,174.56004333496094,14.735343749145011,15,1.370834223429362,171.7068634033203,0.007983572678800992,1
185,9.0,0.0,1.125,1.0,0.125,0.077625,-0.416,-0.36849999999999994,0.312875,-0.2295,1.4760757684707642,176.26968383789062,14.925957871273592,15,1.370834223429362,171.7068634033203,0.007983572678800992,1
186,8.0,0.0,1.0,0.875,0.125,0.041000000000000036,-0.35274999999999995,-0.24737499999999998,0.4025,-0.07337500000000008,1.4954544305801392,171.14794921875,14.304485081106765,15,1.370834223429362,171.7068634033203,0.007983572678800992,1
187,20.0,0.0,3.3333333333333335,3.0,0.3333333333333333,0.38866666666666666,-0.3775,0.5596666666666666,0.23833333333333329,0.6423333333333333,1.5977352460225422,151.37869262695312,15.789318420697933,15,1.370834223429362,171.7068634033203,0.007983572678800992,1
188,20.0,0.0,2.5,2.25,0.25,0.28049999999999997,-0.428875,-0.14400000000000002,0.27412499999999995,0.13612500000000002,1.5368635654449463,165.21250915527344,13.43638079599552,15,1.370834223429362,171.7068634033203,0.007983572678800992,1
189,19.0,0.0,2.375,2.25,0.125,0.11737499999999998,-0.5045000000000001,-0.488625,0.315875,-0.18575,1.5187935829162598,169.6131591796875,13.958381401032485,15,1.370834223429362,171.7068634033203,0.007983572678800992,1
190,0.5833333333333334,1.8333333333333333,1.1666666666666667,3.0,0.0,-0.0336666666666667,-0.45916666666666667,1.151,0.12016666666666669,0.5395,1.729896863301595,167.6241455078125,16.148168608090323,73,0.28019492266929313,22.330581665039062,0.01254758728958541,0
191,0.8571428571428571,0.75,0.75,1.5,0.0,-0.002749999999999999,-0.106375,0.9798749999999999,0.6677500000000001,0.49787499999999996,1.3172287940979004,72.4945068359375,6.878800057426905,73,0.28019492266929313,22.330581665039062,0.01254758728958541,0
192,0.0,11.25,0.0,10.0,1.25,0.35775,0.18799999999999994,0.04312499999999986,0.15075,0.042874999999999955,1.1505892276763916,57.90025329589844,6.289599526897196,73,0.28019492266929313,22.330581665039062,0.01254758728958541,0
193,0.5833333333333334,2.2,1.4,3.6,0.0,-0.3118,-0.2604,1.0858,0.12160000000000001,0.8148,2.037526512145996,135.18350219726562,13.268071195177168,73,0.28019492266929313,22.330581665039062,0.01254758728958541,0
194,0.0,3.25,0.0,3.25,0.0,0.4655,-0.740125,-0.12250000000000005,0.010624999999999996,-0.67425,1.6180239915847778,159.1292266845703,12.292535136761636,73,0.28019492266929313,22.330581665039062,0.01254758728958541,0
195,0.0,9.5,0.0,8.375,1.125,0.2965,-0.16925000000000007,0.08687499999999998,0.19674999999999998,-0.58475,1.7435749769210815,111.96287536621094,8.026242820446964,73,0.28019492266929313,22.330581665039062,0.01254758728958541,0
196,0.0,7.25,0.0,6.125,1.125,1.0397500000000002,0.38649999999999995,-0.74675,-0.07800000000000001,-0.3125,1.1863515377044678,75.79716491699219,7.985531372541987,73,0.28019492266929313,22.330581665039062,0.01254758728958541,0
197,0.2727272727272727,2.625,0.75,3.375,0.0,0.328375,-0.404125,-1.4693749999999999,0.49400000000000005,-1.608875,1.6112526655197144,163.8636016845703,12.711452224308301,73,0.28019492266929313,22.330581665039062,0.01254758728958541,0
198,0.16666666666666666,2.125,0.375,2.5,0.0,0.284,-0.34299999999999997,0.5412499999999998,0.28875,-0.48749999999999993,1.664636254310608,125.62539672851562,9.432688651543176,73,0.28019492266929313,22.330581665039062,0.01254758728958541,0
199,0.047619047619047616,2.5,0.125,2.625,0.0,0.505375,-0.18212500000000004,-0.5913749999999999,0.464125,-0.625625,1.926613450050354,166.40475463867188,10.79575400038878,73,0.28019492266929313,22.330581665039062,0.01254758728958541,0
200,8.0,0.0,1.0,1.0,0.0,0.572125,0.013000000000000012,0.75125,0.40512499999999996,1.22,2.8309240341186523,146.59571838378906,6.472676586358848,20,2.155690383911133,140.28614807128906,0.015366380883276359,1
201,12.0,0.0,1.5,1.5,0.0,0.688125,0.279625,0.9845,0.287875,1.4358750000000002,2.335977554321289,121.49269104003906,6.500821786232351,20,2.155690383911133,140.28614807128906,0.015366380883276359,1
202,8.0,0.0,1.0,1.0,0.0,0.60875,-0.05025000000000001,0.6301249999999999,0.31549999999999995,1.0638750000000001,2.256334066390991,115.73678588867188,6.411416210276236,20,2.155690383911133,140.28614807128906,0.015366380883276359,1
203,24.0,0.0,3.0,3.0,0.0,0.354375,-0.17375000000000002,0.314875,0.14299999999999996,0.615875,2.1150128841400146,154.17344665527344,9.111311832866525,20,2.155690383911133,140.28614807128906,0.015366380883276359,1
204,0.0,0.0,0.0,0.0,0.0,0.13760000000000008,-0.21000000000000005,0.6335999999999999,0.8591999999999999,0.9865999999999999,2.963004302978516,160.72630310058594,10.848141853670308,20,2.155690383911133,140.28614807128906,0.015366380883276359,0
205,1.0,0.0,0.14285714285714285,0.14285714285714285,0.0,0.34500000000000014,0.1394285714285714,0.4345714285714286,0.7367142857142858,0.9197142857142856,3.0035975319998607,155.0191192626953,7.372670603007669,20,2.155690383911133,140.28614807128906,0.015366380883276359,0
206,17.0,0.0,2.125,2.125,0.0,0.32525,-0.16837500000000005,0.344875,0.24174999999999996,0.6663749999999999,1.8652541637420654,135.85765075683594,9.103889801437013,20,2.155690383911133,140.28614807128906,0.015366380883276359,1
207,17.0,0.0,2.125,2.125,0.0,0.21275000000000005,-0.12062500000000001,-0.09737499999999999,0.21349999999999997,0.22874999999999995,2.1534059047698975,131.71913146972656,7.645532923278422,20,2.155690383911133,140.28614807128906,0.015366380883276359,0
208,8.0,0.0,1.6,1.6,0.0,0.09699999999999998,-0.31020000000000003,0.7525999999999999,0.0248,0.46719999999999995,3.0578950881958007,136.12852478027344,8.902831393682128,20,2.155690383911133,140.28614807128906,0.015366380883276359,0
209,8.0,0.0,1.3333333333333333,1.3333333333333333,0.0,0.2558333333333333,-0.2081666666666667,0.017833333333333295,-0.022500000000000003,-0.15100000000000002,2.5473548571268716,157.8175811767578,10.324909897898864,20,2.155690383911133,140.28614807128906,0.015366380883276359,0
210,0.0,0.875,0.0,0.875,0.0,0.15862500000000002,-0.41675,0.243375,0.510875,0.409375,1.5087827444076538,172.7385711669922,14.309901633085222,87,0.4830548516635237,149.7705535888672,0.00322529923331625,0
211,0.03333333333333333,3.625,0.125,3.5,0.25,-0.362,0.19887500000000002,-0.162875,0.506875,-0.438,1.4825066328048706,82.75289916992188,6.976859367738598,87,0.4830548516635237,149.7705535888672,0.00322529923331625,0
212,0.42105263157894735,2.25,1.0,3.125,0.125,-0.04287499999999995,-0.180125,-1.7267500000000002,0.20962499999999998,-0.7792500000000001,1.5402103662490845,162.5695343017578,13.192706103479566,87,0.4830548516635237,149.7705535888672,0.00322529923331625,0
213,0.2222222222222222,2.125,0.5,1.875,0.75,0.9663750000000001,-0.5772499999999999,0.21287500000000004,0.35974999999999996,0.17149999999999993,2.1923584938049316,120.09368133544922,6.846897689012551,87,0.4830548516635237,149.7705535888672,0.00322529923331625,0
214,0.0,1.25,0.0,1.0,0.25,0.49312500000000004,-0.234875,-0.58975,0.646375,0.2005,1.2595746517181396,84.93389892578125,8.427991030435065,87,0.4830548516635237,149.7705535888672,0.00322529923331625,0
215,0.0,2.375,0.0,2.125,0.25,0.2210000000000001,-0.603375,0.6521250000000002,0.48712500000000003,0.5977499999999999,1.5158556699752808,165.78260803222656,13.669584589337951,87,0.4830548516635237,149.7705535888672,0.00322529923331625,0
216,0.0,0.875,0.0,0.875,0.0,0.12825000000000003,0.07974999999999997,-0.8921249999999998,0.7025,-0.5336249999999999,1.402944803237915,79.38862609863281,7.072761625564246,87,0.4830548516635237,149.7705535888672,0.00322529923331625,0
217,0.0,5.625,0.0,5.0,0.625,0.26225,-0.19362500000000005,0.05637500000000013,0.17612500000000003,-0.3651249999999999,1.7424468994140625,146.55364990234375,10.512740532515632,87,0.4830548516635237,149.7705535888672,0.00322529923331625,0
218,0.3076923076923077,3.125,1.0,3.625,0.5,0.6747500000000001,0.283,0.047875,-0.294375,0.006250000000000014,1.3496129512786865,118.71581268310547,10.994338991009233,87,0.4830548516635237,149.7705535888672,0.00322529923331625,0
219,0.3888888888888889,2.125,0.875,2.625,0.375,-0.303125,-0.5688749999999999,-0.6675,0.43237499999999995,-0.38112500000000005,1.4710391759872437,169.29190063476562,14.38417813915637,87,0.4830548516635237,149.7705535888672,0.00322529923331625,0
220,0.0,0.0,0.0,0.0,0.0,0.22175000000000006,-0.0020000000000000573,-1.3532499999999998,0.40225,-0.44699999999999995,2.689154863357544,125.6868667602539,11.683520439103967,25,1.400133819580078,126.16383361816406,0.011097743144185006,0
221,3.0,0.0,0.375,0.25,0.125,0.500125,-0.272625,-0.451125,0.31775,-0.11950000000000001,1.8479167222976685,124.14540100097656,8.397091330724038,25,1.400133819580078,126.16383361816406,0.011097743144185006,0
222,8.0,0.0,1.3333333333333333,0.8333333333333334,0.5,1.1915000000000002,-0.6230000000000001,1.1181666666666668,0.019166666666666655,1.3033333333333332,1.6365660031636555,150.54623413085938,15.329955517055238,25,1.400133819580078,126.16383361816406,0.011097743144185006,0
223,16.0,0.0,2.0,1.625,0.375,0.579625,-0.8255000000000001,0.5803750000000002,0.379625,0.438875,1.47523832321167,174.49960327148438,14.784460251765472,25,1.400133819580078,126.16383361816406,0.011097743144185006,1
224,0.0,0.0,0.0,0.0,0.0,0.5436,-0.11380000000000008,-0.976,0.26639999999999997,-0.028000000000000042,2.1791004180908202,119.3201904296875,10.950320519299321,25,1.400133819580078,126.16383361816406,0.011097743144185006,0
225,16.0,0.0,2.0,1.625,0.375,0.935875,-0.7722500000000001,0.835125,0.18675,0.758875,1.5218795537948608,168.17266845703125,13.811774415993137,25,1.400133819580078,126.16383361816406,0.011097743144185006,1
226,10.0,0.0,1.25,0.875,0.375,0.743625,-0.29150000000000004,-0.1748749999999999,0.13562499999999994,-0.20587499999999997,1.768654704093933,137.67147827148438,9.72926970165056,25,1.400133819580078,126.16383361816406,0.011097743144185006,0
227,26.0,0.0,3.25,2.75,0.5,0.08725000000000002,-0.481375,0.11437500000000012,0.39525,-0.335875,1.8201427459716797,149.47872924804688,10.264886139611114,25,1.400133819580078,126.16383361816406,0.011097743144185006,1
228,27.0,0.0,3.375,2.75,0.625,0.08725000000000001,-0.481375,0.114375,0.39525,-0.335875,1.5948153734207153,144.67198181152344,11.338353475656993,25,1.400133819580078,126.16383361816406,0.011097743144185006,1
229,25.0,0.0,3.125,2.625,0.5,-0.15824999999999997,-0.70825,-0.23612499999999984,0.574625,-0.5664999999999999,1.7746655941009521,146.6877899169922,10.331344892501189,25,1.400133819580078,126.16383361816406,0.011097743144185006,1
230,0.0,5.375,0.0,4.5,0.875,-0.5021249999999999,-0.6023750000000001,-0.4099999999999999,0.8813750000000001,-0.649375,2.868557929992676,143.05897521972656,6.233652285340393,249,0.1866012328121078,137.4518585205078,0.0013575751890198481,0
231,0.5789473684210527,2.25,1.375,3.375,0.25,0.17399999999999996,-0.007000000000000048,0.42175000000000007,0.2512499999999999,-0.17987499999999995,2.719637393951416,112.97663879394531,5.192394703540941,249,0.1866012328121078,137.4518585205078,0.0013575751890198481,0
232,0.06060606060606061,4.0,0.25,3.375,0.875,-0.06862499999999999,0.11987500000000001,-1.8390000000000002,0.239,-1.30225,3.0881121158599854,165.50863647460938,6.699155143585856,249,0.1866012328121078,137.4518585205078,0.0013575751890198481,0
233,0.0,6.625,0.0,6.25,0.375,-0.174875,-0.153125,1.110375,0.25987499999999997,0.7068749999999999,1.6290919780731201,163.6068572998047,12.552568158639543,249,0.1866012328121078,137.4518585205078,0.0013575751890198481,0
234,0.0,3.125,0.0,2.375,0.75,0.359625,0.20675,0.4487500000000001,0.096,0.642875,2.4438576698303223,95.55825805664062,4.887425105149934,249,0.1866012328121078,137.4518585205078,0.0013575751890198481,0
235,0.0,4.5,0.0,3.75,0.75,-0.08487499999999998,-0.42300000000000004,-0.16925000000000007,0.15737500000000004,0.17024999999999998,1.665475845336914,74.02245330810547,5.555236531860397,249,0.1866012328121078,137.4518585205078,0.0013575751890198481,0
236,0.5625,3.875,2.25,4.875,1.25,-0.09624999999999997,-0.6572500000000001,-0.7368750000000002,0.12112500000000002,-0.6872499999999999,2.8688302040100098,120.52948760986328,5.251453884736342,249,0.1866012328121078,137.4518585205078,0.0013575751890198481,0
237,0.8636363636363636,2.625,2.375,3.875,1.125,0.5523750000000001,0.10824999999999999,-0.5005,0.148125,-0.882125,2.8133106231689453,132.2954864501953,5.877844038829595,249,0.1866012328121078,137.4518585205078,0.0013575751890198481,0
238,0.0,4.875,0.0,4.125,0.75,-0.09912499999999998,-0.08687500000000002,0.08037500000000009,0.663875,0.17225,2.3246376514434814,121.78352355957031,6.548169739174933,249,0.1866012328121078,137.4518585205078,0.0013575751890198481,0
239,0.0,4.25,0.0,3.5,0.75,-0.28012500000000007,0.14112499999999997,-0.820125,0.42050000000000004,-0.378,1.3088258504867554,52.48833465576172,5.012443232326395,249,0.1866012328121078,137.4518585205078,0.0013575751890198481,0
240,24.0,0.0,3.4285714285714284,2.4285714285714284,1.0,0.20214285714285718,-0.19942857142857146,0.18485714285714286,0.36214285714285704,0.7301428571428571,3.105651310511998,152.8157958984375,7.029064647247775,18,2.06544558207194,108.70784759521484,0.018999967599053612,1
241,8.0,0.25,3.0,2.875,0.375,0.461125,0.15425000000000003,-0.106625,-0.15337500000000004,0.22687499999999997,1.8707619905471802,90.82176208496094,6.068095143095616,18,2.06544558207194,108.70784759521484,0.018999967599053612,1
242,10.333333333333334,0.25,3.875,3.375,0.75,0.657375,0.10662499999999998,-0.19549999999999998,-0.21187500000000004,0.4248749999999999,2.7008516788482666,142.6813507080078,6.603229482938792,18,2.06544558207194,108.70784759521484,0.018999967599053612,1
243,6.4,0.5,4.0,4.125,0.375,-0.04687500000000001,0.08150000000000002,0.193,-0.18587499999999996,-0.02562500000000003,1.8964297771453857,134.15184020996094,8.841811598758607,18,2.06544558207194,108.70784759521484,0.018999967599053612,1
244,10.333333333333334,0.25,3.875,3.75,0.375,0.186,-0.02937499999999997,-0.016999999999999946,-0.33399999999999996,0.016249999999999987,1.7632051706314087,88.15444946289062,6.2491451495527714,18,2.06544558207194,108.70784759521484,0.018999967599053612,1
245,16.0,0.0,4.0,2.75,1.25,-0.4315,-0.54475,1.00475,0.42550000000000004,0.8032499999999999,3.1508562564849854,174.82015991210938,13.869744915165032,18,2.06544558207194,108.70784759521484,0.018999967599053612,1
246,21.0,0.0,4.2,3.0,1.2,-0.037599999999999946,-0.4468,1.1042,0.4283999999999999,1.222,3.2279773712158204,149.7694854736328,9.278888254967569,18,2.06544558207194,108.70784759521484,0.018999967599053612,1
247,7.0,0.2857142857142857,3.0,2.857142857142857,0.42857142857142855,0.36628571428571427,0.085,-0.4677142857142857,0.16557142857142862,-0.14385714285714288,2.06925596509661,111.68903350830078,7.710247074657507,18,2.06544558207194,108.70784759521484,0.018999967599053612,1
248,23.0,0.0,3.8333333333333335,2.6666666666666665,1.1666666666666667,0.2738333333333333,-0.4658333333333333,1.0090000000000001,0.31083333333333335,1.293,3.184475898742676,144.99705505371094,7.588347937307345,18,2.06544558207194,108.70784759521484,0.018999967599053612,1
249,7.0,0.3333333333333333,3.5,3.3333333333333335,0.5,0.25233333333333335,0.04883333333333335,0.06366666666666669,0.23633333333333337,0.3725,2.071331342061361,104.83808135986328,8.434965173201523,18,2.06544558207194,108.70784759521484,0.018999967599053612,1
250,0.0,3.25,0.0,3.25,0.0,-0.633,-0.2608750000000001,-0.261125,0.919375,0.12225000000000001,1.5854655504226685,175.0277099609375,13.79830608809133,506,0.21087328341638617,125.3370132446289,0.001682450203315522,0
251,0.0,4.125,0.0,4.125,0.0,-0.6309999999999999,-0.28475000000000006,-0.90525,0.9585,-0.78325,1.7016099691390991,157.59181213378906,11.575819310270898,506,0.21087328341638617,125.3370132446289,0.001682450203315522,0
252,0.0,2.25,0.0,2.25,0.0,-0.09100000000000001,-0.14800000000000005,0.15587499999999999,0.6985,0.41287500000000005,1.5714362859725952,167.78392028808594,13.345321129510484,506,0.21087328341638617,125.3370132446289,0.001682450203315522,0
253,0.04,3.0,0.125,3.125,0.0,0.2865,-0.3335,-0.8104999999999999,0.37375,-0.282875,1.174894094467163,70.19446563720703,7.467374994982335,506,0.21087328341638617,125.3370132446289,0.001682450203315522,0
254,0.0,3.625,0.0,3.375,0.25,-0.479,-0.3878750000000001,0.8096249999999998,0.746625,0.47062499999999996,1.6981910467147827,117.66363525390625,8.660316455932513,506,0.21087328341638617,125.3370132446289,0.001682450203315522,0
255,0.0,2.125,0.0,2.0,0.125,0.05787500000000001,-0.13775000000000004,-0.5715,0.21300000000000002,0.288,1.7805588245391846,163.9720916748047,11.510472087685072,506,0.21087328341638617,125.3370132446289,0.001682450203315522,0
256,0.0,1.75,0.0,1.75,0.0,-0.09075000000000003,-0.20637500000000006,-0.256875,0.12262499999999998,0.012375000000000025,1.275573492050171,103.28534698486328,10.120470043324437,506,0.21087328341638617,125.3370132446289,0.001682450203315522,0
257,0.0,1.25,0.0,1.125,0.125,0.73075,-0.19387500000000002,-0.9851249999999999,0.17937499999999998,-0.02025000000000001,1.1145117282867432,69.82744598388672,7.830740299937819,506,0.21087328341638617,125.3370132446289,0.001682450203315522,0
258,0.08823529411764706,4.125,0.375,4.25,0.25,-0.20087499999999991,0.45787500000000003,-1.919875,0.38149999999999995,-0.973625,1.3020367622375488,82.35255432128906,7.905369047600111,506,0.21087328341638617,125.3370132446289,0.001682450203315522,0
259,0.0,1.625,0.0,1.625,0.0,0.11000000000000001,-0.05250000000000005,-0.18000000000000002,0.18187500000000004,0.44487499999999985,1.7831686735153198,124.86293029785156,8.752269196617751,506,0.21087328341638617,125.3370132446289,0.001682450203315522,0
260,13.0,0.0,1.625,1.5,0.125,0.264125,-0.32237499999999997,-1.6055000000000001,0.5082500000000001,-1.33,2.900461435317993,141.124267578125,6.081712729698979,28,2.3955966404506137,125.6891098022461,0.019059699318578545,1
261,24.0,0.0,3.0,2.75,0.25,-0.19262499999999996,-0.127,-2.11625,0.7685000000000001,-1.2650000000000001,1.5570697784423828,170.0233917236328,13.648211681465302,28,2.3955966404506137,125.6891098022461,0.019059699318578545,1
262,14.0,0.0,1.75,1.5,0.25,0.06600000000000003,0.034125000000000016,-2.385125,0.577875,-1.5562500000000001,1.7298572063446045,162.96609497070312,11.775127973356813,28,2.3955966404506137,125.6891098022461,0.019059699318578545,1
263,20.0,0.0,2.5,2.25,0.25,-0.01362500000000003,-0.013500000000000012,-0.552125,0.5786250000000001,-0.496375,3.0972864627838135,158.73977661132812,6.406146653367937,28,2.3955966404506137,125.6891098022461,0.019059699318578545,1
264,20.0,0.0,2.857142857142857,2.5714285714285716,0.2857142857142857,0.04842857142857145,-0.27814285714285714,-0.4704285714285715,0.6902857142857144,-0.43599999999999994,3.091326577322824,161.410400390625,7.458792369143225,28,2.3955966404506137,125.6891098022461,0.019059699318578545,1
265,29.0,0.0,3.625,3.375,0.25,0.811625,-0.46687500000000004,0.19050000000000003,-0.006500000000000018,-0.43525,3.61049747467041,142.4318389892578,4.9310001249251165,28,2.3955966404506137,125.6891098022461,0.019059699318578545,1
266,33.0,0.0,4.125,3.875,0.25,-0.09137499999999998,-0.29375,-0.482,0.3983749999999999,-0.702875,3.143393039703369,160.28770446777344,6.373738850998395,28,2.3955966404506137,125.6891098022461,0.019059699318578545,1
267,8.0,0.0,1.0,1.0,0.0,0.46887499999999993,-0.38975000000000004,-1.0338749999999999,0.38575,-1.1256249999999999,3.002112627029419,127.13328552246094,5.293272107188834,28,2.3955966404506137,125.6891098022461,0.019059699318578545,1
268,28.0,0.0,3.5,3.25,0.25,0.04525,-0.09812500000000005,-0.319875,0.31925000000000003,-0.33724999999999994,3.1182048320770264,159.3511962890625,6.387682063402968,28,2.3955966404506137,125.6891098022461,0.019059699318578545,1
269,18.0,0.0,2.25,2.125,0.125,0.40900000000000003,-0.519625,-1.386125,0.36162500000000003,-1.23075,2.79884934425354,148.83816528320312,6.646995782078919,28,2.3955966404506137,125.6891098022461,0.019059699318578545,1
270,0.0,0.25,0.0,0.25,0.0,0.27449999999999997,0.11862499999999995,1.7905,0.062125,1.549375,1.2184098958969116,111.48172760009766,11.436041755501051,332,0.13420863323901072,69.31727600097656,0.0019361498457775511,0
271,0.0,3.375,0.0,2.375,1.0,0.754125,-0.028999999999999998,0.3860000000000001,0.12787500000000002,0.27825,2.87876296043396,168.13156127929688,7.300195578553921,332,0.13420863323901072,69.31727600097656,0.0019361498457775511,0
272,0.0,6.625,0.0,5.875,0.75,-0.130375,0.351375,0.602875,0.18162499999999998,0.18462499999999998,2.4423084259033203,162.96237182617188,8.340164469677466,332,0.13420863323901072,69.31727600097656,0.0019361498457775511,0
273,0.0,3.875,0.0,3.375,0.5,0.3420000000000001,-0.37825000000000003,-0.4865,-0.17000000000000004,-0.5975,1.6208833456039429,100.28179168701172,7.732979287164736,332,0.13420863323901072,69.31727600097656,0.0019361498457775511,0
274,0.0,6.75,0.0,5.5,1.25,-0.525875,0.029874999999999985,0.7426249999999999,0.7745,-0.1245,3.1929731369018555,155.82489013671875,6.1000665911222915,332,0.13420863323901072,69.31727600097656,0.0019361498457775511,0
275,0.18181818181818182,4.0,0.75,4.5,0.25,-0.36850000000000005,0.15024999999999994,0.973625,-0.2858750000000001,0.4847499999999999,1.6252143383026123,146.7526092529297,11.286305403629402,332,0.13420863323901072,69.31727600097656,0.0019361498457775511,0
276,0.0,4.0,0.0,3.5,0.5,-0.049999999999999996,0.847,-0.23837499999999998,0.40962499999999996,-0.17312500000000003,3.0342397689819336,136.72703552246094,5.632440639640637,332,0.13420863323901072,69.31727600097656,0.0019361498457775511,0
277,0.1282051282051282,9.625,1.25,9.125,1.75,0.248375,-0.005749999999999998,-0.7583749999999999,0.14600000000000002,-0.62675,2.5004189014434814,112.97525787353516,5.647534212872561,332,0.13420863323901072,69.31727600097656,0.0019361498457775511,0
278,0.0,4.125,0.0,4.0,0.125,0.313125,-0.485375,-0.9467499999999999,0.184,-0.936875,1.5576828718185425,175.34556579589844,14.06989662910138,332,0.13420863323901072,69.31727600097656,0.0019361498457775511,0
279,0.24444444444444444,5.5,1.375,6.25,0.625,-0.06362499999999999,-0.16275,-0.11712499999999987,0.1785,0.13774999999999998,1.6393216848373413,79.88855743408203,6.091121944749932,332,0.13420863323901072,69.31727600097656,0.0019361498457775511,0
280,72.0,0.0,9.0,8.625,0.375,0.0765,0.30224999999999996,-0.21699999999999997,0.080875,-0.5606249999999999,2.8952629566192627,148.26165771484375,6.400768218983263,24,1.5919698079427083,96.97589111328125,0.016416140028897155,1
281,67.0,0.0,8.375,8.125,0.25,-0.12112500000000001,0.011874999999999983,-0.31449999999999995,0.28637500000000005,-0.6731250000000001,2.7280972003936768,86.318603515625,3.954892470963756,24,1.5919698079427083,96.97589111328125,0.016416140028897155,1
282,22.333333333333332,0.25,8.375,8.375,0.25,-0.39250000000000007,-0.1715,-0.68625,0.68575,-0.591,1.7328197956085205,85.59805297851562,6.174320526209984,24,1.5919698079427083,96.97589111328125,0.016416140028897155,1
283,22.333333333333332,0.25,8.375,8.25,0.375,-0.33925,-0.33075000000000004,-0.126,0.76275,-0.46399999999999997,1.9314846992492676,96.67692565917969,6.256240953901932,24,1.5919698079427083,96.97589111328125,0.016416140028897155,1
284,68.0,0.0,8.5,8.25,0.25,0.058750000000000004,0.18399999999999997,-0.19375000000000003,0.1325,-0.586125,1.9831860065460205,96.90477752685547,6.107512715291263,24,1.5919698079427083,96.97589111328125,0.016416140028897155,1
285,68.0,0.0,8.5,8.25,0.25,-0.37975000000000003,-0.14925000000000002,-0.04562499999999997,0.477,-0.38187499999999996,2.2108635902404785,85.49385833740234,4.833463338231406,24,1.5919698079427083,96.97589111328125,0.016416140028897155,1
286,4.666666666666667,0.4,2.8,3.2,0.0,-0.4219999999999999,-0.8635999999999999,-0.7491999999999999,1.1616,0.002999999999999936,1.7220327377319335,110.2169418334961,12.799308643806704,24,1.5919698079427083,96.97589111328125,0.016416140028897155,1
287,17.0,0.0,2.4285714285714284,2.142857142857143,0.2857142857142857,-0.002142857142857129,0.12599999999999997,-0.5708571428571428,0.11999999999999998,-0.724,2.788690839494978,148.5264892578125,7.608223437472559,24,1.5919698079427083,96.97589111328125,0.016416140028897155,1
288,15.0,0.0,2.5,2.3333333333333335,0.16666666666666666,-0.22866666666666666,0.38916666666666666,-0.9121666666666667,0.12116666666666664,-0.7051666666666666,2.7410589853922525,145.59329223632812,8.852079976644378,24,1.5919698079427083,96.97589111328125,0.016416140028897155,1
289,10.0,0.0,2.0,1.8,0.2,-0.005799999999999983,0.374,-0.9221999999999999,0.3494,-0.7952,2.9620859146118166,139.15899658203125,9.395379149299092,24,1.5919698079427083,96.97589111328125,0.016416140028897155,1
290,0.1,2.375,0.25,2.125,0.5,-0.11112500000000003,-0.47475,1.627125,0.017375000000000015,0.60175,1.2468301057815552,116.49819946289062,11.678267216953348,88,0.12100684642791748,16.251827239990234,0.0074457379247892,0
291,0.0,2.625,0.0,2.0,0.625,-0.05674999999999998,0.6653749999999999,-1.431875,0.060000000000000026,-0.6911249999999999,1.4796531200408936,98.85523223876953,8.350511379033438,88,0.12100684642791748,16.251827239990234,0.0074457379247892,0
292,0.44,3.0,1.375,3.875,0.5,0.702125,-0.33049999999999996,-0.967125,-0.30937499999999996,-0.701875,1.0659137964248657,45.216529846191406,5.301932959409215,88,0.12100684642791748,16.251827239990234,0.0074457379247892,0
293,0.0,3.375,0.0,2.5,0.875,-0.20337500000000006,0.479,-1.2116250000000002,-0.0245,-0.8908749999999999,1.6876164674758911,81.0262222290039,6.001083681242292,88,0.12100684642791748,16.251827239990234,0.0074457379247892,0
294,0.17647058823529413,2.0,0.375,2.125,0.25,-0.289,0.11287499999999998,0.36599999999999994,0.03662499999999998,0.22487499999999996,1.5450326204299927,177.21377563476562,14.336221535885274,88,0.12100684642791748,16.251827239990234,0.0074457379247892,0
295,0.0975609756097561,5.0,0.5,5.0,0.5,-0.37625000000000003,-0.03987500000000001,-0.283,0.376875,-0.621625,2.0159709453582764,98.53497314453125,6.109268594792793,88,0.12100684642791748,16.251827239990234,0.0074457379247892,0
296,0.09375,3.875,0.375,3.375,0.875,-0.19987500000000002,0.10662499999999998,-1.135875,-0.291875,-0.5529999999999999,2.169424533843994,137.07167053222656,7.8974729773375945,88,0.12100684642791748,16.251827239990234,0.0074457379247892,0
297,0.5238095238095238,2.5,1.375,3.5,0.375,0.7765,-0.30074999999999996,-1.1336249999999999,-0.188,-0.92375,1.5128742456436157,83.36009216308594,6.886990558910139,88,0.12100684642791748,16.251827239990234,0.0074457379247892,0
298,0.3125,1.875,0.625,2.125,0.375,0.047625,-0.556125,-0.033499999999999974,0.012875000000000025,0.053000000000000005,1.4160865545272827,86.4940185546875,7.634277721272224,88,0.12100684642791748,16.251827239990234,0.0074457379247892,0
299,0.0,2.625,0.0,2.25,0.375,0.11137500000000003,0.3543749999999999,-1.1185,0.544125,-0.8681249999999998,1.2677677869796753,90.3892593383789,8.911366586612251,88,0.12100684642791748,16.251827239990234,0.0074457379247892,0
300,6.0,0.5,4.5,4.5,0.5,0.022749999999999986,-0.07950000000000002,0.20525000000000015,0.3235,-0.43975,1.505735993385315,57.565338134765625,9.55608790314247,11,1.4898733659224077,147.44825744628906,0.010104380965404922,1
301,7.0,0.0,1.75,1.5,0.25,-0.20049999999999996,-0.6315000000000001,-0.45124999999999993,0.031749999999999945,-0.09000000000000002,2.347041606903076,107.26943969726562,11.424809702147819,11,1.4898733659224077,147.44825744628906,0.010104380965404922,1
302,5.0,0.5714285714285714,3.5714285714285716,3.7142857142857144,0.42857142857142855,-0.06757142857142855,-0.14200000000000002,-0.5239999999999999,0.02471428571428572,-0.8709999999999999,1.5703202656337194,100.33172607421875,9.126673219519786,11,1.4898733659224077,147.44825744628906,0.010104380965404922,1
303,3.3333333333333335,0.4,2.0,2.2,0.2,-0.36419999999999997,-0.7026000000000001,-0.6619999999999999,0.27859999999999996,-0.25440000000000007,2.0298080444335938,85.815185546875,8.4546645795011,11,1.4898733659224077,147.44825744628906,0.010104380965404922,1
304,8.0,0.25,3.0,3.0,0.25,-0.250625,-0.30025,-1.229375,0.175875,-0.8436250000000001,1.844592571258545,147.08218383789062,9.96644324648196,11,1.4898733659224077,147.44825744628906,0.010104380965404922,1
305,4.2,0.6666666666666666,3.5,3.8333333333333335,0.3333333333333333,0.020333333333333353,-0.16716666666666669,-0.7233333333333333,0.3835,-0.9854999999999999,1.7030258178710938,97.51029205322266,9.541913488782466,11,1.4898733659224077,147.44825744628906,0.010104380965404922,1
306,3.3333333333333335,0.2857142857142857,1.4285714285714286,1.5714285714285714,0.14285714285714285,-0.14271428571428565,-0.25885714285714284,-1.675142857142857,0.2577142857142857,-1.023,2.0187082290649414,152.74237060546875,10.808295275958834,11,1.4898733659224077,147.44825744628906,0.010104380965404922,1
307,7.666666666666667,0.25,2.875,2.875,0.25,-0.12724999999999997,-0.136125,-0.7646249999999999,0.131125,-0.5655,1.6595752239227295,165.27325439453125,12.447523053583822,11,1.4898733659224077,147.44825744628906,0.010104380965404922,1
308,3.3333333333333335,0.3333333333333333,1.6666666666666667,1.8333333333333333,0.16666666666666666,-0.12849999999999995,-0.5351666666666667,-1.161,0.18899999999999997,-0.7523333333333334,2.119370460510254,123.16046142578125,9.684540698894843,11,1.4898733659224077,147.44825744628906,0.010104380965404922,1
309,5.0,0.5,3.125,3.25,0.375,0.16975,-0.19437500000000002,-0.391875,-0.012999999999999998,-0.556125,1.3743410110473633,120.44554138183594,10.953848659565494,11,1.4898733659224077,147.44825744628906,0.010104380965404922,1
310,61.0,0.0,7.625,6.625,1.0,-0.35162499999999997,-0.304375,0.623,0.020375000000000004,0.20237499999999992,2.9920170307159424,150.7979278564453,6.299748069628034,20,2.6438034057617186,151.3101806640625,0.017472739733431865,1
311,21.0,0.0,3.0,2.857142857142857,0.14285714285714285,0.29057142857142854,1.4277142857142857,-1.0795714285714284,0.5288571428571428,-0.5721428571428572,2.9941842215401784,169.67491149902344,8.095065246496041,20,2.6438034057617186,151.3101806640625,0.017472739733431865,1
312,6.0,0.0,1.0,0.6666666666666666,0.3333333333333333,-0.36833333333333335,0.22399999999999998,-0.1998333333333333,0.14416666666666664,-0.44149999999999995,3.089102109273275,159.787109375,8.620546422908937,20,2.6438034057617186,151.3101806640625,0.017472739733431865,0
313,62.0,0.0,7.75,7.25,0.5,0.02762499999999998,0.5951249999999999,0.69475,0.5705,0.40324999999999994,3.0525097846984863,161.6072235107422,6.617530220156372,20,2.6438034057617186,151.3101806640625,0.017472739733431865,1
314,1.0,0.0,0.25,0.25,0.0,-0.385,0.58775,-0.35425,0.6839999999999999,-0.7457499999999999,3.0368165969848633,166.9434051513672,13.742158742675016,20,2.6438034057617186,151.3101806640625,0.017472739733431865,0
315,60.0,0.0,7.5,6.625,0.875,-0.3516250000000001,-0.304375,0.623,0.020374999999999994,0.20237499999999997,2.9136362075805664,127.56382751464844,5.472472623304412,20,2.6438034057617186,151.3101806640625,0.017472739733431865,1
316,31.0,0.0,3.875,3.625,0.25,0.11162500000000003,1.08025,-0.14099999999999996,0.64775,-0.163375,2.9588851928710938,159.56639099121094,6.740699617039232,20,2.6438034057617186,151.3101806640625,0.017472739733431865,1
317,11.0,0.0,2.2,2.0,0.2,0.06139999999999999,1.5936,-1.4861999999999997,0.5681999999999999,-1.1019999999999999,3.008673667907715,162.6890411376953,10.813949609976456,20,2.6438034057617186,151.3101806640625,0.017472739733431865,0
318,69.0,0.0,8.625,7.625,1.0,-0.1885,-0.22875,0.9676249999999998,-0.021374999999999963,0.52425,3.057295083999634,150.54222106933594,6.154789697413803,20,2.6438034057617186,151.3101806640625,0.017472739733431865,1
319,55.0,0.0,6.875,6.375,0.5,-0.06687499999999999,0.7517499999999999,0.3288749999999999,0.6442500000000001,0.11262499999999998,2.9907288551330566,145.84359741210938,6.095399695048837,20,2.6438034057617186,151.3101806640625,0.017472739733431865,1
320,0.7647058823529411,2.0,1.625,3.25,0.375,0.05475000000000005,-0.28800000000000003,-1.203125,0.20737500000000003,-0.16799999999999998,1.5306246280670166,168.48880004882812,13.75868373242646,81,0.49757794980649594,89.19401550292969,0.005578602409599469,0
321,0.3684210526315789,2.25,0.875,2.875,0.25,0.6747500000000001,0.283,0.047875,-0.294375,0.006250000000000014,1.4131247997283936,123.21031188964844,10.897782535802207,81,0.49757794980649594,89.19401550292969,0.005578602409599469,0
322,0.75,1.375,1.125,2.375,0.125,0.15487500000000004,0.013750000000000005,-1.4284999999999999,0.28625,-0.7230000000000001,1.2624131441116333,115.52181243896484,11.437457650066694,81,0.49757794980649594,89.19401550292969,0.005578602409599469,0
323,1.1333333333333333,1.75,2.125,3.5,0.375,0.05475000000000005,-0.28800000000000003,-1.203125,0.20737500000000003,-0.16799999999999995,1.5284028053283691,171.70802307128906,14.041944679769951,81,0.49757794980649594,89.19401550292969,0.005578602409599469,0
324,1.1333333333333333,1.75,2.125,3.625,0.25,0.10262500000000002,-0.617375,0.4664999999999999,0.14725000000000002,-0.08724999999999994,1.494739055633545,170.78640747070312,14.281098574405265,81,0.49757794980649594,89.19401550292969,0.005578602409599469,0
325,0.0,3.25,0.0,3.125,0.125,0.25575000000000003,-0.26349999999999996,-0.773625,-0.446875,-0.777625,1.6296645402908325,161.8690948486328,12.414877108898645,81,0.49757794980649594,89.19401550292969,0.005578602409599469,0
326,0.0,1.875,0.0,1.875,0.0,-0.06362499999999999,0.2715,-0.551875,0.31925000000000003,-0.6855,1.338091254234314,81.44974517822266,7.60805147528507,81,0.49757794980649594,89.19401550292969,0.005578602409599469,0
327,0.0,1.875,0.0,1.875,0.0,0.4261250000000001,-0.40287500000000004,0.28675,0.2585,0.21074999999999994,1.497617483139038,177.09544372558594,14.780198007939681,81,0.49757794980649594,89.19401550292969,0.005578602409599469,0
328,0.0,1.5,0.0,1.5,0.0,0.412,0.18924999999999995,0.70525,0.6124999999999999,1.3367499999999999,1.3330150842666626,51.75251770019531,9.704093790294674,81,0.49757794980649594,89.19401550292969,0.005578602409599469,0
329,0.0,4.5,0.0,4.25,0.25,0.29125,0.015249999999999951,-0.08237499999999995,0.181375,0.03462500000000007,1.4141086339950562,105.6201400756836,9.335457163583909,81,0.49757794980649594,89.19401550292969,0.005578602409599469,0
330,0.27586206896551724,10.75,3.0,12.75,1.0,-0.086,0.213625,-2.0515,0.44725,-1.4816250000000002,1.4344696998596191,167.63438415527344,14.606423696852946,27,1.067108366224501,85.48200988769531,0.012483426251049177,1
331,0.0,0.0,0.0,0.0,0.0,0.7104,0.25739999999999996,-1.7349999999999999,0.10779999999999998,-0.9561999999999999,1.7165277481079102,109.71990203857422,12.78244639075729,27,1.067108366224501,85.48200988769531,0.012483426251049177,0
332,22.0,0.0,3.6666666666666665,3.1666666666666665,0.5,0.005666666666666709,0.1855,-3.1783333333333332,0.6096666666666667,-2.1393333333333335,1.8261411984761555,126.28080749511719,11.524235125352362,27,1.067108366224501,85.48200988769531,0.012483426251049177,1
333,0.02217741935483871,61.875,1.375,58.375,4.875,0.436875,0.23637499999999997,0.22162500000000002,0.122125,0.2825,1.7368621826171875,147.7957763671875,10.635928825946902,27,1.067108366224501,85.48200988769531,0.012483426251049177,1
334,0.5625,1.875,1.125,2.875,0.125,0.6645,-0.28925000000000006,0.29774999999999996,0.435625,0.844875,1.6065573692321777,154.563232421875,12.025030225462336,27,1.067108366224501,85.48200988769531,0.012483426251049177,1
335,3.4285714285714284,0.75,3.0,3.375,0.375,-0.004999999999999963,0.11924999999999997,-2.4095,0.594375,-1.6018750000000002,1.6056936979293823,153.5511474609375,11.95271512118192,27,1.067108366224501,85.48200988769531,0.012483426251049177,1
336,0.01584507042253521,70.875,1.125,66.625,5.375,0.698375,0.324625,0.03037499999999997,0.3202499999999999,0.8624999999999999,1.371847152709961,89.18157196044922,8.125308136201514,27,1.067108366224501,85.48200988769531,0.012483426251049177,1
337,0.6923076923076923,1.5,1.125,2.5,0.125,0.5886250000000001,-0.30475,-0.2656249999999999,0.31775,0.251125,1.5612452030181885,165.33242797851562,13.236164912949674,27,1.067108366224501,85.48200988769531,0.012483426251049177,1
338,4.0,0.0,0.6666666666666666,0.6666666666666666,0.0,0.8483333333333333,0.20533333333333334,-1.1954999999999998,0.16316666666666665,-0.314,1.6146642367045085,145.8836669921875,15.056650481446269,27,1.067108366224501,85.48200988769531,0.012483426251049177,0
339,20.0,0.0,4.0,3.6,0.4,-0.20319999999999996,0.16219999999999998,-3.0827999999999998,0.7834,-1.9188000000000003,1.7523239135742188,85.42839813232422,9.749184872244696,27,1.067108366224501,85.48200988769531,0.012483426251049177,1
340,125.5,0.375,62.75,62.375,0.75,0.34187500000000004,-0.17325,0.098125,0.51825,0.022249999999999992,2.0228376388549805,110.95503997802734,6.855974366933262,22,1.3418605110862039,90.41893768310547,0.014840480827026204,1
341,12.714285714285714,0.75,11.125,11.625,0.25,0.39874999999999994,-0.525,-0.14524999999999993,0.483375,-0.357,1.7840237617492676,108.12944793701172,7.575702924499711,22,1.3418605110862039,90.41893768310547,0.014840480827026204,1
342,875.0,0.0,109.375,108.25,1.125,0.16725000000000004,0.46449999999999997,0.21375000000000005,0.436125,0.45012499999999994,2.5093929767608643,114.00933837890625,5.67884646746298,22,1.3418605110862039,90.41893768310547,0.014840480827026204,1
343,190.0,0.0,47.5,47.0,0.5,0.334,0.38849999999999996,0.5595,0.39825,0.71775,2.824697494506836,138.57351684570312,12.263371010891527,22,1.3418605110862039,90.41893768310547,0.014840480827026204,0
344,6.5,0.375,3.25,3.375,0.25,0.5900000000000001,-0.61725,0.24912500000000004,0.5266250000000001,0.645875,1.5602295398712158,170.25927734375,13.639470469144339,22,1.3418605110862039,90.41893768310547,0.014840480827026204,1
345,3.5714285714285716,0.75,3.125,3.625,0.25,0.36212500000000003,-0.46175000000000005,-0.024124999999999924,0.5730000000000001,-0.20087500000000008,1.2425649166107178,105.71138000488281,10.633322379125504,22,1.3418605110862039,90.41893768310547,0.014840480827026204,1
346,6.25,0.375,3.125,3.25,0.25,0.38475000000000004,-0.28700000000000003,-0.020999999999999963,0.6138750000000002,0.265875,1.5772579908370972,176.43661499023438,13.981751421115055,22,1.3418605110862039,90.41893768310547,0.014840480827026204,1
347,458.0,0.0,76.33333333333333,75.5,0.8333333333333334,0.3138333333333334,0.5045,0.09383333333333337,0.3558333333333333,0.5136666666666666,2.831192970275879,169.48143005371094,9.976445464714736,22,1.3418605110862039,90.41893768310547,0.014840480827026204,1
348,1.25,0.42857142857142855,0.7142857142857143,1.1428571428571428,0.0,0.8234285714285716,-0.5932857142857143,0.5008571428571429,0.5268571428571428,1.0968571428571428,1.6005362101963587,140.69943237304688,12.557119862788642,22,1.3418605110862039,90.41893768310547,0.014840480827026204,1
349,151.75,0.375,75.875,75.25,1.0,0.065,0.10337499999999993,0.19775000000000004,0.6835,0.07425000000000004,2.4025638103485107,109.00777435302734,5.671134661900709,22,1.3418605110862039,90.41893768310547,0.014840480827026204,1
